431404135
70953499162
320724140
70105597163
70499793170
738490148
8403617186
71448262127
71663790140
71134726139
70408035188
6641212173
70104807105
2338472276
71448391105
1633535142
5168796184
70608004170
71042578109
8593863175
1299287123
8619681150
4117813161
3911562179
6744260103
8337833190
70882090127
8201934105
71063745128
70067452175
4476290264
70721748180
70236829106
75249421172
2574364139
70964403137
70722028113
75567350104
75559153168
4838197195
70818569182
3401806173
7895647180
10768056128
70114271127
2532515163
6644059325
7370762165
71537167189
71315437139
3710204178
7516259144
2413476105
4194680138
6388952194
70587391103
1904338178
4956367384
70960409190
5550714132
71141567156
8781180128
71368952194
70436475170
70935927166
6855990193
71260701107
3301313540
84606290153
93719710106